"Sens Factor =-0.421dB, AGain =18dB, SERNO: 7103798"
"Auto-generated 90-degree calibration file"
10.054	-4.8683
10.179	-4.6994
10.306	-4.5337
10.434	-4.3712
10.564	-4.2118
10.696	-4.0556
10.829	-3.9025
10.964	-3.7525
11.100	-3.6055
11.238	-3.4615
11.378	-3.3204
11.520	-3.1823
11.663	-3.0471
11.809	-2.9147
11.956	-2.7852
12.104	-2.6585
12.255	-2.5346
12.408	-2.4134
12.562	-2.2949
12.718	-2.1791
12.877	-2.0659
13.037	-1.9554
13.199	-1.8474
13.364	-1.7420
13.530	-1.6391
13.698	-1.5387
13.869	-1.4407
14.042	-1.3451
14.216	-1.2519
14.393	-1.1611
14.573	-1.0726
14.754	-0.9864
14.938	-0.9024
15.124	-0.8207
15.312	-0.7411
15.503	-0.6638
15.696	-0.5885
15.891	-0.5154
16.089	-0.4443
16.289	-0.3752
16.492	-0.3081
16.697	-0.2431
16.905	-0.1799
17.115	-0.1186
17.328	-0.0593
17.544	-0.0017
17.763	0.0541
17.984	0.1080
18.208	0.1603
18.434	0.2108
18.664	0.2597
18.896	0.3068
19.131	0.3524
19.369	0.3964
19.611	0.4389
19.855	0.4799
20.102	0.5193
20.352	0.5574
20.605	0.5939
20.862	0.6292
21.122	0.6630
21.385	0.6956
21.651	0.7268
21.920	0.7568
22.193	0.7856
22.470	0.8131
22.749	0.8395
23.032	0.8648
23.319	0.8890
23.609	0.9121
23.903	0.9342
24.201	0.9553
24.502	0.9754
24.807	0.9946
25.116	1.0129
25.429	1.0303
25.745	1.0469
26.066	1.0627
26.390	1.0777
26.719	1.0920
27.051	1.1055
27.388	1.1184
27.729	1.1306
28.074	1.1422
28.424	1.1532
28.778	1.1637
29.136	1.1737
29.499	1.1832
29.866	1.1922
30.238	1.2008
30.614	1.2091
30.995	1.2169
31.381	1.2245
31.772	1.2318
32.167	1.2387
32.568	1.2455
32.973	1.2521
33.383	1.2585
33.799	1.2648
34.220	1.2710
34.646	1.2772
35.077	1.2833
35.514	1.2904
35.956	1.2970
36.403	1.3029
36.857	1.3085
37.315	1.3138
37.780	1.3192
38.250	1.3250
38.726	1.3315
39.209	1.3388
39.697	1.3467
40.191	1.3549
40.691	1.3634
41.198	1.3719
41.711	1.3803
42.230	1.3887
42.756	1.3970
43.288	1.4052
43.827	1.4133
44.372	1.4212
44.925	1.4290
45.484	1.4365
46.050	1.4437
46.623	1.4505
47.204	1.4569
47.791	1.4628
48.386	1.4681
48.989	1.4728
49.599	1.4771
50.216	1.4810
50.841	1.4845
51.474	1.4878
52.115	1.4909
52.764	1.4940
53.420	1.4973
54.085	1.5010
54.759	1.5054
55.440	1.5105
56.131	1.5167
56.829	1.5237
57.537	1.5316
58.253	1.5403
58.978	1.5496
59.712	1.5593
60.456	1.5694
61.208	1.5795
61.970	1.5895
62.742	1.5989
63.523	1.6074
64.314	1.6147
65.114	1.6206
65.925	1.6253
66.745	1.6289
67.576	1.6315
68.418	1.6333
69.269	1.6344
70.132	1.6349
71.005	1.6348
71.889	1.6341
72.784	1.6331
73.690	1.6316
74.607	1.6298
75.536	1.6279
76.476	1.6258
77.428	1.6237
78.392	1.6216
79.368	1.6197
80.356	1.6179
81.356	1.6163
82.369	1.6150
83.394	1.6140
84.433	1.6134
85.484	1.6129
86.548	1.6125
87.625	1.6120
88.716	1.6112
89.820	1.6100
90.939	1.6080
92.071	1.6052
93.217	1.6014
94.377	1.5966
95.552	1.5910
96.742	1.5846
97.946	1.5774
99.165	1.5697
100.400	1.5613
101.650	1.5525
102.915	1.5433
104.196	1.5338
105.493	1.5241
106.806	1.5144
108.136	1.5048
109.482	1.4954
110.845	1.4862
112.225	1.4772
113.622	1.4685
115.037	1.4601
116.469	1.4522
117.919	1.4446
119.386	1.4375
120.873	1.4307
122.377	1.4242
123.901	1.4177
125.443	1.4112
127.005	1.4043
128.586	1.3971
130.187	1.3894
131.807	1.3811
133.448	1.3723
135.109	1.3631
136.791	1.3534
138.494	1.3434
140.218	1.3331
141.964	1.3227
143.731	1.3119
145.520	1.3009
147.332	1.2894
149.166	1.2776
151.023	1.2654
152.903	1.2529
154.806	1.2403
156.734	1.2277
158.685	1.2153
160.660	1.2032
162.660	1.1914
164.685	1.1797
166.735	1.1682
168.811	1.1567
170.912	1.1452
173.040	1.1336
175.194	1.1218
177.375	1.1098
179.583	1.0977
181.819	1.0854
184.082	1.0728
186.374	1.0600
188.694	1.0471
191.043	1.0343
193.421	1.0214
195.829	1.0085
198.267	0.9953
200.735	0.9821
203.234	0.9689
205.764	0.9557
208.325	0.9428
210.919	0.9301
213.544	0.9178
216.203	0.9060
218.894	0.8947
221.619	0.8839
224.378	0.8735
227.171	0.8634
229.999	0.8536
232.862	0.8439
235.761	0.8344
238.696	0.8251
241.668	0.8160
244.676	0.8070
247.722	0.7980
250.806	0.7891
253.928	0.7800
257.089	0.7707
260.290	0.7612
263.530	0.7514
266.810	0.7413
270.132	0.7309
273.495	0.7204
276.899	0.7100
280.346	0.6997
283.836	0.6895
287.370	0.6797
290.947	0.6700
294.569	0.6604
298.236	0.6509
301.949	0.6415
305.708	0.6321
309.513	0.6230
313.366	0.6138
317.267	0.6047
321.217	0.5957
325.216	0.5867
329.264	0.5779
333.363	0.5693
337.513	0.5609
341.715	0.5528
345.969	0.5448
350.276	0.5370
354.636	0.5290
359.051	0.5204
363.521	0.5112
368.046	0.5012
372.628	0.4905
377.266	0.4792
381.963	0.4676
386.718	0.4556
391.532	0.4434
396.406	0.4310
401.341	0.4190
406.337	0.4078
411.395	0.3974
416.517	0.3880
421.702	0.3793
426.951	0.3714
432.266	0.3641
437.648	0.3572
443.096	0.3507
448.612	0.3445
454.196	0.3385
459.851	0.3326
465.575	0.3269
471.371	0.3211
477.239	0.3154
483.180	0.3097
489.195	0.3041
495.285	0.2986
501.450	0.2933
507.693	0.2883
514.013	0.2833
520.412	0.2784
526.890	0.2734
533.449	0.2684
540.090	0.2632
546.814	0.2577
553.621	0.2519
560.513	0.2457
567.490	0.2391
574.555	0.2321
581.707	0.2251
588.949	0.2182
596.281	0.2119
603.703	0.2064
611.219	0.2017
618.828	0.1979
626.531	0.1947
634.331	0.1920
642.228	0.1896
650.222	0.1874
658.317	0.1855
666.512	0.1834
674.809	0.1808
683.210	0.1776
691.715	0.1738
700.326	0.1693
709.044	0.1645
717.871	0.1593
726.807	0.1539
735.855	0.1483
745.016	0.1426
754.290	0.1368
763.680	0.1308
773.187	0.1243
782.812	0.1180
792.557	0.1115
802.424	0.1050
812.413	0.0986
822.526	0.0921
832.766	0.0858
843.133	0.0797
853.629	0.0736
864.255	0.0675
875.014	0.0614
885.907	0.0552
896.935	0.0489
908.101	0.0423
919.406	0.0354
930.851	0.0285
942.439	0.0214
954.171	0.0143
966.049	0.0072
978.076	0.0003
990.251	-0.0062
1002.579	-0.0120
1015.060	-0.0173
1027.696	-0.0222
1040.489	-0.0267
1053.442	-0.0306
1066.556	-0.0339
1079.833	-0.0365
1093.276	-0.0385
1106.886	-0.0399
1120.665	-0.0405
1134.616	-0.0405
1148.741	-0.0399
1163.041	-0.0387
1177.519	-0.0372
1192.178	-0.0352
1207.019	-0.0329
1222.045	-0.0306
1237.258	-0.0281
1252.660	-0.0251
1268.254	-0.0219
1284.042	-0.0184
1300.027	-0.0145
1316.211	-0.0103
1332.596	-0.0059
1349.185	-0.0013
1365.981	0.0029
1382.985	0.0069
1400.202	0.0109
1417.633	0.0149
1435.280	0.0189
1453.148	0.0229
1471.238	0.0273
1489.553	0.0320
1508.096	0.0370
1526.870	0.0425
1545.877	0.0484
1565.121	0.0545
1584.605	0.0607
1604.332	0.0671
1624.303	0.0732
1644.524	0.0790
1664.996	0.0844
1685.723	0.0895
1706.708	0.0944
1727.955	0.0984
1749.466	0.1023
1771.244	0.1061
1793.294	0.1096
1815.618	0.1130
1838.221	0.1166
1861.104	0.1199
1884.272	0.1234
1907.729	0.1269
1931.478	0.1300
1955.523	0.1330
1979.866	0.1362
2004.513	0.1397
2029.467	0.1433
2054.731	0.1470
2080.310	0.1508
2106.207	0.1543
2132.427	0.1578
2158.973	0.1609
2185.849	0.1638
2213.060	0.1667
2240.610	0.1695
2268.503	0.1724
2296.743	0.1758
2325.334	0.1803
2354.282	0.1857
2383.590	0.1926
2413.262	0.2007
2443.305	0.2096
2473.721	0.2192
2504.515	0.2296
2535.693	0.2407
2567.260	0.2523
2599.219	0.2644
2631.576	0.2771
2664.335	0.2906
2697.503	0.3053
2731.084	0.3212
2765.082	0.3382
2799.504	0.3559
2834.354	0.3742
2869.638	0.3930
2905.362	0.4113
2941.530	0.4299
2978.148	0.4488
3015.222	0.4679
3052.758	0.4873
3090.761	0.5068
3129.237	0.5265
3168.192	0.5464
3207.632	0.5665
3247.563	0.5865
3287.991	0.6063
3328.923	0.6264
3370.364	0.6467
3412.320	0.6674
3454.799	0.6886
3497.807	0.7104
3541.351	0.7330
3585.436	0.7562
3630.070	0.7799
3675.260	0.8042
3721.012	0.8286
3767.334	0.8533
3814.233	0.8779
3861.715	0.9017
3909.789	0.9245
3958.460	0.9459
4007.738	0.9666
4057.630	0.9867
4108.142	1.0060
4159.283	1.0255
4211.061	1.0450
4263.483	1.0647
4316.559	1.0845
4370.294	1.1047
4424.699	1.1247
4479.781	1.1444
4535.548	1.1636
4592.010	1.1821
4649.175	1.2002
4707.051	1.2181
4765.648	1.2357
4824.975	1.2530
4885.039	1.2685
4945.852	1.2832
5007.421	1.2976
5069.757	1.3114
5132.870	1.3243
5196.768	1.3353
5261.460	1.3455
5326.959	1.3548
5393.273	1.3632
5460.413	1.3705
5528.388	1.3771
5597.209	1.3827
5666.887	1.3875
5737.433	1.3917
5808.857	1.3955
5881.169	1.3990
5954.383	1.4020
6028.507	1.4046
6103.555	1.4071
6179.536	1.4094
6256.464	1.4118
6334.349	1.4146
6413.204	1.4178
6493.040	1.4217
6573.870	1.4264
6655.706	1.4318
6738.562	1.4378
6822.448	1.4441
6907.379	1.4505
6993.367	1.4566
7080.426	1.4622
7168.568	1.4671
7257.808	1.4704
7348.158	1.4718
7439.633	1.4693
7532.248	1.4623
7626.015	1.4504
7720.949	1.4356
7817.065	1.4190
7914.377	1.4008
8012.901	1.3815
8112.652	1.3611
8213.645	1.3403
8315.894	1.3169
8419.416	1.2895
8524.228	1.2571
8630.343	1.2179
8737.780	1.1710
8846.555	1.1178
8956.683	1.0597
9068.182	0.9983
9181.069	0.9345
9295.362	0.8688
9411.078	0.8013
9528.233	0.7316
9646.849	0.6593
9766.939	0.5832
9888.525	0.5033
10011.625	0.4197
10136.257	0.3320
10262.440	0.2405
10390.195	0.1467
10519.540	0.0493
10650.495	-0.0513
10783.080	-0.1552
10917.316	-0.2622
11053.223	-0.3724
11190.821	-0.4860
11330.133	-0.6028
11471.179	-0.7230
11613.980	-0.8462
11758.561	-0.9725
11904.939	-1.1014
12053.141	-1.2315
12203.188	-1.3612
12355.102	-1.4888
12508.907	-1.6140
12664.627	-1.7368
12822.286	-1.8582
12981.907	-1.9791
13143.516	-2.1004
13307.136	-2.2231
13472.793	-2.3476
13640.512	-2.4733
13810.319	-2.5986
13982.240	-2.7224
14156.302	-2.8439
14332.529	-2.9610
14510.951	-3.0725
14691.595	-3.1791
14874.486	-3.2832
15059.655	-3.3863
15247.129	-3.4888
15436.937	-3.5907
15629.106	-3.6919
15823.669	-3.7924
16020.654	-3.8920
16220.091	-3.9903
16422.010	-4.0866
16626.443	-4.1807
16833.422	-4.2726
17042.977	-4.3623
17255.141	-4.4494
17469.945	-4.5332
17687.424	-4.6147
17907.609	-4.6953
18130.537	-4.7766
18356.240	-4.8583
18584.752	-4.9404
18816.107	-5.0231
19050.346	-5.1061
19287.498	-5.1888
19527.604	-5.2715
19770.697	-5.3541
20016.816	-5.4373
